0000   0c dd 24 82 65 77 00 09 0f 09 00 02 08 00 45 00
0010   00 79 9d 8f 00 00 3e 11 41 a9 86 9d 00 81 0a 40
0020   0b de 00 35 b9 e2 00 65 85 9a 30 85 81 80 00 01
0030   00 02 00 00 00 01 03 61 70 69 07 73 70 6f 74 69
0040   66 79 03 63 6f 6d 00 00 01 00 01 c0 0c 00 05 00
0050   01 00 00 00 41 00 15 08 65 64 67 65 2d 77 65 62
0060   09 64 75 61 6c 2d 67 c3 6c 62 c0 10 c0 2d 00 01
0070   00 01 00 00 00 6f 00 04 23 ba e0 19 00 00 29 10
0080   00 00 00 00 00 00 00

0000   08 00 27 38 db ed 08 00 27 97 3f 45 08 00 45 00
0010   00 73 00 f5 00 00 80 11 35 81 01 01 01 02 01 01
0020   01 01 04 04 00 35 00 5f 6f fd 40 00 00 00 00 01
0030   00 00 00 01 00 00 04 65 74 61 73 03 63 6f 6d 00
0040   00 fb 00 01 c0 0c 00 06 00 01 00 00 0e 10 00 2f
0050   0d 74 72 61 69 6e 69 6e 67 32 30 30 33 70 00 0a
0060   68 6f 73 74 6d 61 73 74 65 72 00 00 00 00 03 00
0070   00 00 3c 00 00 02 58 00 01 51 80 00 00 0e 10 4d
0080   53

0000   08 00 27 97 3f 45 08 00 27 38 db ed 08 00 45 00
0010   00 f3 0d d1 00 00 80 11 28 25 01 01 01 01 01 01
0020   01 02 00 35 04 04 00 df 2f 0a 40 00 80 80 00 01
0030   00 05 00 00 00 00 04 65 74 61 73 03 63 6f 6d 00
0040   00 fb 00 01 c0 0c 00 06 00 01 00 00 0e 10 00 2f
0050   0d 74 72 61 69 6e 69 6e 67 32 30 30 33 70 00 0a
0060   68 6f 73 74 6d 61 73 74 65 72 00 00 00 00 04 00
0070   00 00 3c 00 00 02 58 00 01 51 80 00 00 0e 10 c0
0080   0c 00 06 00 01 00 00 0e 10 00 18 c0 26 c0 35 00
0090   00 00 03 00 00 00 3c 00 00 02 58 00 01 51 80 00
00a0   00 0e 10 c0 0c 00 06 00 01 00 00 0e 10 00 18 c0
00b0   26 c0 35 00 00 00 04 00 00 00 3c 00 00 02 58 00
00c0   01 51 80 00 00 0e 10 05 69 6e 64 65 78 c0 0c 00
00d0   01 00 01 00 00 0e 10 00 04 01 01 01 64 c0 0c 00
00e0   06 00 01 00 00 0e 10 00 18 c0 26 c0 35 00 00 00
00f0   04 00 00 00 3c 00 00 02 58 00 01 51 80 00 00 0e
0100   10